2.486035224340854277e-01 9.961911055116553504e-01 1.140256211575098044e+00 2.669973460417336408e-01 1.821968492607854428e-01 -3.282033648125359804e-01 -1.533141348736587251e+00 3.791452979666945500e-01 1.132225094644735419e-01 5.033448412129125638e-01
-1.255773278911276991e+00 -1.248969474224452814e+00 5.778059206746021248e-01 -7.033304850115990048e-01 8.067529375148371207e-01 6.164314462793436533e-01 1.555756199293486519e+00 9.231692809188193349e-01 -7.118804834753635069e-02 5.011987791189026487e-01
-7.826082707376401659e-01 -1.683182121285237143e+00 -5.447472661566501451e-01 1.558560612240420529e+00 -4.602035477361242632e-01 -4.895331758018054980e-01 -8.132184427637118018e-01 5.934483600598738917e-01 -4.949676399125645804e-02 3.482197382360638915e-01
1.266210374379981518e+00 1.614014584064971780e+00 -1.728930175331892194e+00 -3.229691189979949084e-01 -3.583230810559469570e-01 2.217365651118829717e-01 1.295098370148078493e+00 -9.959537088185087539e-01 1.303042374130604530e+00 -2.668556041465720060e-03
7.372816049819627127e-01 1.462806865790128974e+00 1.259162270745270318e+00 5.126392494959890467e-01 -1.300399742090279365e-01 -3.361906463530917599e-01 -3.624277877744133680e-01 -1.286524095134126355e+00 1.046174244614440640e+00 1.366735022347931983e+00
4.953803687224150876e-01 -3.026457158300395189e-01 2.794666029157761300e-01 3.759615399911982458e-01 1.649875337754744598e+00 -3.286140497448742925e-01 1.124612597654254531e-01 3.245830111277064889e-01 2.227496749641827201e+00 1.496489273453982805e-01
-1.007623828984606673e+00 1.750997296300772499e-01 -7.783487412658551818e-01 1.138979816560404590e+00 -5.191466782093624721e-02 1.631822909324014415e-01 -1.110155599886465838e+00 -1.889953316407990247e+00 1.883768735534796290e+00 9.314219732407006402e-01
-1.584588559890327097e+00 -8.251023889820381374e-01 -5.435670593821412266e-01 -1.388873015640565978e+00 -1.997668249989102307e+00 5.863210594655741265e-02 -1.720234989888797861e+00 -9.209429039695120611e-01 1.470073465162382298e-01 -9.485639729619662619e-01
-8.460330066722561160e-01 -1.423981544489104079e-01 1.531738373640461504e+00 2.380480369322482970e-01 7.837726942425113363e-02 -1.325940261524042041e-01 3.806438716841525904e-01 -3.406029407930695196e-01 8.107279697764502302e-02 8.667062249754364789e-01
1.250883738620907515e+00 -2.924276224481546504e-02 -1.288065492493739805e+00 8.526673801534866426e-01 -6.783275623557236123e-02 -5.160115134893964450e-01 3.969138671199136659e-01 -9.614202154162544423e-01 2.444292418982039750e-01 4.926708891435812449e-02
-2.646332287996770116e+00 -2.820649381867902372e-01 -1.236015814930102374e+00 7.174235909709923004e-03 -4.335301410445194792e-01 -3.770074346496971041e-01 -1.785720418558988873e-02 6.031765105084549994e-01 -5.676940840043671610e-01 5.012303696786619689e-01
1.910171840283885647e+00 3.097642295352761033e-01 -2.788691723362435749e-03 2.536718677789592036e+00 3.256786068794186306e+00 -6.988755614252587511e-01 -6.939780718365209378e-01 3.511366043839200257e-01 5.615200347147789595e-01 7.384791212129803162e-01
-1.760921725364847257e+00 -8.655795242046570026e-01 5.784135009449846709e-01 8.243958166230029860e-01 -7.210807936778175220e-01 1.123777162326463852e+00 9.129913801541380547e-01 1.419279206676349880e-01 -1.212030203235595405e+00 -5.385260483178720969e-01
1.318121432194447440e+00 -5.223428449338499702e-01 5.278914950986758337e-01 -1.490697849143858056e+00 -3.645010144313691747e-01 -1.188285782112745020e-01 1.494833243436690384e-01 9.350587972904460254e-02 9.983640327260188962e-02 8.666110928748099740e-01
5.442557501719811480e-02 -1.569746955674655275e+00 2.381462496228158032e-01 2.333496320384132461e-01 5.606375798394610532e-01 6.601332729142942446e-01 -2.399361261988793709e-02 7.191253131465096260e-01 4.256139602268246835e-01 2.147995366754521795e-01
8.746094519338029616e-02 -1.381222432608029571e+00 -1.457022709330031696e-01 1.456730948350690724e-01 2.033234345054714121e-01 -3.339511328117993894e-01 8.106641151896324393e-01 -1.941704978109135116e+00 1.455711837633492989e+00 7.293061654333944377e-01
1.942714424968133846e+00 9.637869166744436056e-01 -8.039031567949697088e-01 -1.550602279412437889e+00 9.271244148226243098e-01 1.184641432112729209e+00 1.913830231302054097e+00 -5.622642046754465772e-01 6.591564014573743080e-01 2.012624453115750001e+00
-2.245427170265886785e-01 -1.398149971119868828e+00 1.047046059432150011e+00 6.678633660018015727e-02 6.488734710743315759e-01 8.333309049530003287e-01 9.181126986730984152e-01 -9.085640670384022011e-01 6.498194317669031550e-01 -4.562413579996187907e-01
-1.310489192903388833e+00 -5.036308941404109563e-01 1.827471580708015075e+00 1.137295225396256271e+00 2.258520949194056104e+00 -7.959003607619415943e-01 7.562839461705946897e-01 1.349522933301992023e+00 5.693868061491078603e-01 -4.534584829018609153e-01
1.357013829410455674e+00 -6.023232972076343339e-01 1.508897519885755933e+00 1.480430669572968538e-01 7.742115110929107535e-01 -1.013089704591336515e+00 1.578108668801408987e+00 4.364284716918556684e-01 -3.998004312249024972e-01 -1.146657928249168013e+00
